1.046143543756479222e+00 1.166862351138417297e+00 0.000000000000000000e+00 0.000000000000000000e+00
1.020899703075095921e+00 1.009278227643268799e+00 0.000000000000000000e+00 5.121951219512195230e-01
9.983674295042785918e-01 9.847547106626557412e-01 0.000000000000000000e+00 5.182926829268292845e-01
9.777350333323957532e-01 9.669539783059096782e-01 0.000000000000000000e+00 5.121951219512195230e-01
9.589059479693149424e-01 9.545057081594700010e-01 0.000000000000000000e+00 5.365853658536585691e-01
9.411403198010290794e-01 9.403586707464078875e-01 0.000000000000000000e+00 5.182926829268292845e-01
9.262673820405745717e-01 9.288608184674891355e-01 0.000000000000000000e+00 5.426829268292683306e-01
9.112588614678310828e-01 9.174949221494721474e-01 0.000000000000000000e+00 5.243902439024390461e-01
8.982819206446499560e-01 9.055489592435883583e-01 0.000000000000000000e+00 5.243902439024390461e-01
8.836671059617156043e-01 8.970253714701024172e-01 0.000000000000000000e+00 5.304878048780488076e-01
8.716399593556181102e-01 8.878226411051866052e-01 0.000000000000000000e+00 5.243902439024390461e-01
8.625695011536038681e-01 8.800885212130662438e-01 0.000000000000000000e+00 5.243902439024390461e-01
8.520237866868364263e-01 8.709620237350463867e-01 0.000000000000000000e+00 5.304878048780488076e-01
8.418308634163760296e-01 8.635546085311145426e-01 0.000000000000000000e+00 5.182926829268292845e-01
8.334399842201395403e-01 8.569062861000619202e-01 0.000000000000000000e+00 5.243902439024390461e-01
8.220117246126331656e-01 8.506232587302603454e-01 0.000000000000000000e+00 5.243902439024390461e-01
8.143766651037616100e-01 8.446419122742443442e-01 0.000000000000000000e+00 5.365853658536585691e-01
8.060996845862785642e-01 8.416097731125063985e-01 0.000000000000000000e+00 5.243902439024390461e-01
8.004581107557000585e-01 8.347333931341404112e-01 0.000000000000000000e+00 5.426829268292683306e-01
7.928620406559535594e-01 8.294667427132769166e-01 0.000000000000000000e+00 5.365853658536585691e-01
7.863775901156718762e-01 8.254177395890398561e-01 0.000000000000000000e+00 5.121951219512195230e-01
7.791008626798728853e-01 8.214771660362801819e-01 0.000000000000000000e+00 5.304878048780488076e-01
7.742714573909446063e-01 8.192879702986740620e-01 0.000000000000000000e+00 5.060975609756097615e-01
7.677883061956851662e-01 8.125857376470798643e-01 0.000000000000000000e+00 5.426829268292683306e-01
7.622740368350298112e-01 8.112889004916679081e-01 0.000000000000000000e+00 5.304878048780488076e-01
7.583086561287065708e-01 8.063395750231858727e-01 0.000000000000000000e+00 5.121951219512195230e-01
7.524598932918443728e-01 8.039499448566902462e-01 0.000000000000000000e+00 5.060975609756097615e-01
7.480438976664673945e-01 8.005002809733878788e-01 0.000000000000000000e+00 5.487804878048780921e-01
7.419573927360465504e-01 7.983811628527757165e-01 0.000000000000000000e+00 5.304878048780488076e-01
7.392372570501635209e-01 7.965982032985221561e-01 0.000000000000000000e+00 5.243902439024390461e-01
7.339136276201636555e-01 7.929351475180649311e-01 0.000000000000000000e+00 5.304878048780488076e-01
7.306423819536134179e-01 7.904755647589520873e-01 0.000000000000000000e+00 5.365853658536585691e-01
7.272577570202140018e-01 7.894840792911809180e-01 0.000000000000000000e+00 5.304878048780488076e-01
7.207171987617632114e-01 7.864446814467267455e-01 0.000000000000000000e+00 5.304878048780488076e-01
7.181098544488924151e-01 7.844796078961070451e-01 0.000000000000000000e+00 5.487804878048780921e-01
7.140817066094070631e-01 7.839505527077651470e-01 0.000000000000000000e+00 5.426829268292683306e-01
7.096480814156923556e-01 7.818318721724719644e-01 0.000000000000000000e+00 5.304878048780488076e-01
7.079791363249433589e-01 7.801611743322233172e-01 0.000000000000000000e+00 5.609756097560976151e-01
7.028220458958286398e-01 7.779714450603578690e-01 0.000000000000000000e+00 5.548780487804878536e-01
6.996304385567870820e-01 7.766279738123823551e-01 0.000000000000000000e+00 5.487804878048780921e-01
6.985624948895811093e-01 7.760152700470714926e-01 0.000000000000000000e+00 5.426829268292683306e-01
6.947487889814522033e-01 7.752361210381112366e-01 0.000000000000000000e+00 5.548780487804878536e-01
6.891538082285130207e-01 7.720349678179112551e-01 0.000000000000000000e+00 5.548780487804878536e-01
6.850464191842586814e-01 7.723842074231404009e-01 0.000000000000000000e+00 5.487804878048780921e-01
6.857371960729813365e-01 7.711477366889395446e-01 0.000000000000000000e+00 5.548780487804878536e-01
6.848931252775221079e-01 7.693474307292844649e-01 0.000000000000000000e+00 5.487804878048780921e-01
6.794783422287474783e-01 7.682235357238025308e-01 0.000000000000000000e+00 5.548780487804878536e-01
6.743850787722230899e-01 7.678986467966218976e-01 0.000000000000000000e+00 5.487804878048780921e-01
6.714748963034261608e-01 7.662846838555684714e-01 0.000000000000000000e+00 5.426829268292683306e-01
6.731356911383863384e-01 7.655471447037487387e-01 0.000000000000000000e+00 5.548780487804878536e-01
6.681863192729312617e-01 7.636211296407188209e-01 0.000000000000000000e+00 5.487804878048780921e-01
6.659837069844765089e-01 7.633537432042564186e-01 0.000000000000000000e+00 5.609756097560976151e-01
6.619422211110772558e-01 7.624985953656638893e-01 0.000000000000000000e+00 5.609756097560976151e-01
6.622976488617777768e-01 7.621296179003831384e-01 0.000000000000000000e+00 5.548780487804878536e-01
6.580434423449553760e-01 7.599528664495887043e-01 0.000000000000000000e+00 5.792682926829268997e-01
6.552527517895567755e-01 7.603520547471395163e-01 0.000000000000000000e+00 5.548780487804878536e-01
6.531674644504998906e-01 7.598950804733648479e-01 0.000000000000000000e+00 5.731707317073171382e-01
6.514725226761721721e-01 7.595447432704087731e-01 0.000000000000000000e+00 5.426829268292683306e-01
6.478280745741081814e-01 7.570888327389229122e-01 0.000000000000000000e+00 5.670731707317073766e-01
6.446581254614159873e-01 7.577171805428295492e-01 0.000000000000000000e+00 5.304878048780488076e-01
6.435311637750874558e-01 7.567941415600660804e-01 0.000000000000000000e+00 5.548780487804878536e-01
6.458482459685722654e-01 7.566535022200607807e-01 0.000000000000000000e+00 5.731707317073171382e-01
6.397862590192661125e-01 7.553573628751243385e-01 0.000000000000000000e+00 5.548780487804878536e-01
6.367156578052369786e-01 7.550109712088980407e-01 0.000000000000000000e+00 5.426829268292683306e-01
6.389125083717531739e-01 7.539453113951334329e-01 0.000000000000000000e+00 5.487804878048780921e-01
6.346733927002069509e-01 7.528129830593015548e-01 0.000000000000000000e+00 5.548780487804878536e-01
6.321018361755417203e-01 7.529567421936407268e-01 0.000000000000000000e+00 5.487804878048780921e-01
6.301272730696889646e-01 7.521021715024622800e-01 0.000000000000000000e+00 5.548780487804878536e-01
6.290001149960201543e-01 7.523056239616580099e-01 0.000000000000000000e+00 5.487804878048780921e-01
6.261682512187667360e-01 7.521347287224560141e-01 0.000000000000000000e+00 5.487804878048780921e-01
6.244158773799073359e-01 7.508090676330938518e-01 0.000000000000000000e+00 5.487804878048780921e-01
6.230961542723751911e-01 7.509491152879668174e-01 0.000000000000000000e+00 5.609756097560976151e-01
6.197819749635041786e-01 7.504685753729285480e-01 0.000000000000000000e+00 5.487804878048780921e-01
6.191164142817349170e-01 7.500217106284164936e-01 0.000000000000000000e+00 5.487804878048780921e-01
6.175566596463095692e-01 7.505568963725391951e-01 0.000000000000000000e+00 5.670731707317073766e-01
6.176252149521036516e-01 7.488554992326875714e-01 0.000000000000000000e+00 5.609756097560976151e-01
6.142475874952995074e-01 7.491421103477478027e-01 0.000000000000000000e+00 5.487804878048780921e-01
6.151657792934892566e-01 7.478228109638865861e-01 0.000000000000000000e+00 5.792682926829268997e-01
6.082215450454989680e-01 7.482111439472292069e-01 0.000000000000000000e+00 5.609756097560976151e-01
6.116117601336679144e-01 7.474176898235227462e-01 0.000000000000000000e+00 5.548780487804878536e-01
6.049839750974012054e-01 7.483859382024625750e-01 0.000000000000000000e+00 5.487804878048780921e-01
6.073425064333304313e-01 7.469220641182690024e-01 0.000000000000000000e+00 5.548780487804878536e-01
6.056696640321911351e-01 7.468304837622293801e-01 0.000000000000000000e+00 5.182926829268292845e-01
6.024551056438666174e-01 7.461913824081420898e-01 0.000000000000000000e+00 5.548780487804878536e-01
6.054993880555984420e-01 7.457893011046619058e-01 0.000000000000000000e+00 5.670731707317073766e-01
6.023049151643793397e-01 7.465986638534359843e-01 0.000000000000000000e+00 5.670731707317073766e-01
6.015749075492464737e-01 7.463644568513079225e-01 0.000000000000000000e+00 5.609756097560976151e-01
5.962991480769357366e-01 7.454947175049200236e-01 0.000000000000000000e+00 5.243902439024390461e-01
5.985783597618613561e-01 7.447983477173781841e-01 0.000000000000000000e+00 5.670731707317073766e-01
5.996665320497878149e-01 7.446144746571052853e-01 0.000000000000000000e+00 5.548780487804878536e-01
5.928643806002422689e-01 7.438996361523140255e-01 0.000000000000000000e+00 5.609756097560976151e-01
5.938266030198534606e-01 7.434761771341649172e-01 0.000000000000000000e+00 5.487804878048780921e-01
5.929171526323335772e-01 7.438608698728608193e-01 0.000000000000000000e+00 5.426829268292683306e-01
5.892923486993667526e-01 7.432255003510451763e-01 0.000000000000000000e+00 5.609756097560976151e-01
5.891768142445109602e-01 7.434055063782668560e-01 0.000000000000000000e+00 5.487804878048780921e-01
5.907837706858626303e-01 7.435510492906337587e-01 0.000000000000000000e+00 5.548780487804878536e-01
5.867960329838436406e-01 7.429645134181510624e-01 0.000000000000000000e+00 5.548780487804878536e-01
5.848488912756319991e-01 7.417070952857413024e-01 0.000000000000000000e+00 5.609756097560976151e-01
5.839616100114167763e-01 7.422062972696815697e-01 0.000000000000000000e+00 5.731707317073171382e-01
5.855501513350698239e-01 7.422494175957470297e-01 0.000000000000000000e+00 5.426829268292683306e-01
5.805944874656236987e-01 7.426416001668790789e-01 0.000000000000000000e+00 5.487804878048780921e-01
5.798427656428791765e-01 7.415331805624613137e-01 0.000000000000000000e+00 5.487804878048780921e-01
5.861116631415115297e-01 7.420653802592579451e-01 0.000000000000000000e+00 5.548780487804878536e-01
5.808454550870646438e-01 7.413803746060627642e-01 0.000000000000000000e+00 5.487804878048780921e-01
5.785665425123777128e-01 7.423343033325381368e-01 0.000000000000000000e+00 5.487804878048780921e-01
5.830751313264609381e-01 7.411841212249383748e-01 0.000000000000000000e+00 5.670731707317073766e-01
5.742135495400356726e-01 7.419864011973869022e-01 0.000000000000000000e+00 5.670731707317073766e-01
5.762060409621264645e-01 7.404662239842298987e-01 0.000000000000000000e+00 5.548780487804878536e-01
5.764538566029905331e-01 7.413635660962361040e-01 0.000000000000000000e+00 5.487804878048780921e-01
5.689335101281255413e-01 7.403344075854231265e-01 0.000000000000000000e+00 5.609756097560976151e-01
5.748916757505353470e-01 7.407185667898597004e-01 0.000000000000000000e+00 5.609756097560976151e-01
5.731545137779328059e-01 7.394298300510500077e-01 0.000000000000000000e+00 5.670731707317073766e-01
5.694535706180932078e-01 7.398032676882859704e-01 0.000000000000000000e+00 5.487804878048780921e-01
5.713650544363676476e-01 7.395511778389535218e-01 0.000000000000000000e+00 5.670731707317073766e-01
5.739814892728277718e-01 7.400277649484029441e-01 0.000000000000000000e+00 5.487804878048780921e-01
5.715800820875313049e-01 7.392338572478875935e-01 0.000000000000000000e+00 5.548780487804878536e-01
5.655273121178693296e-01 7.410827235477727148e-01 0.000000000000000000e+00 5.426829268292683306e-01
5.656659061423188195e-01 7.387368446443138836e-01 0.000000000000000000e+00 5.548780487804878536e-01
5.649833604919873853e-01 7.390285643135628968e-01 0.000000000000000000e+00 5.487804878048780921e-01
5.645356671063733733e-01 7.399235309624090373e-01 0.000000000000000000e+00 5.670731707317073766e-01
5.628606289353413894e-01 7.401881915767017928e-01 0.000000000000000000e+00 5.670731707317073766e-01
5.643318869784972325e-01 7.404852058829330952e-01 0.000000000000000000e+00 5.487804878048780921e-01
5.627170942474643001e-01 7.402818377425031127e-01 0.000000000000000000e+00 5.548780487804878536e-01
5.622331327942728940e-01 7.392678609708460691e-01 0.000000000000000000e+00 5.548780487804878536e-01
5.597311578985405545e-01 7.391189990974054158e-01 0.000000000000000000e+00 5.487804878048780921e-01
5.615391606255505375e-01 7.383710320402936400e-01 0.000000000000000000e+00 5.670731707317073766e-01
5.571035413031882877e-01 7.388198128560694578e-01 0.000000000000000000e+00 5.670731707317073766e-01
5.592983627754142262e-01 7.394858627784542948e-01 0.000000000000000000e+00 5.609756097560976151e-01
5.557260694474797091e-01 7.381749531117881569e-01 0.000000000000000000e+00 5.304878048780488076e-01
5.581111250315031747e-01 7.374069952383274229e-01 0.000000000000000000e+00 5.853658536585366612e-01
5.640208232004229050e-01 7.387660131221864823e-01 0.000000000000000000e+00 5.426829268292683306e-01
5.589386636000636122e-01 7.386759156134070636e-01 0.000000000000000000e+00 5.365853658536585691e-01
5.535695398832164438e-01 7.387438096651216535e-01 0.000000000000000000e+00 5.487804878048780921e-01
5.555026455128446727e-01 7.389971003299806718e-01 0.000000000000000000e+00 5.609756097560976151e-01
5.548216539313365336e-01 7.384487201527851763e-01 0.000000000000000000e+00 5.487804878048780921e-01
5.550893432825894092e-01 7.385865697046605227e-01 0.000000000000000000e+00 5.548780487804878536e-01
5.554667470302987464e-01 7.376813074437583717e-01 0.000000000000000000e+00 5.731707317073171382e-01
5.500008462047867308e-01 7.375894028966020199e-01 0.000000000000000000e+00 5.853658536585366612e-01
5.497281524185714252e-01 7.376593133298362526e-01 0.000000000000000000e+00 5.487804878048780921e-01
5.588371322510090611e-01 7.375480910626853737e-01 0.000000000000000000e+00 5.731707317073171382e-01
5.506721751305831969e-01 7.377905860179807540e-01 0.000000000000000000e+00 5.670731707317073766e-01
5.557403187621328122e-01 7.363650624344988405e-01 0.000000000000000000e+00 5.548780487804878536e-01
5.509930950530032012e-01 7.371334317253857016e-01 0.000000000000000000e+00 5.487804878048780921e-01
5.457847295923435871e-01 7.378137300654155073e-01 0.000000000000000000e+00 5.731707317073171382e-01
5.502399162680906564e-01 7.373669816226493534e-01 0.000000000000000000e+00 5.426829268292683306e-01
5.565196786608014312e-01 7.376963423519600216e-01 0.000000000000000000e+00 5.365853658536585691e-01
5.505843129926176749e-01 7.368354477533479718e-01 0.000000000000000000e+00 5.670731707317073766e-01
5.571615945966772454e-01 7.369796822710734663e-01 0.000000000000000000e+00 5.548780487804878536e-01
5.498569930215736479e-01 7.369053232960585120e-01 0.000000000000000000e+00 5.670731707317073766e-01
5.509286926872462020e-01 7.369238821471609802e-01 0.000000000000000000e+00 5.670731707317073766e-01
